000000000000
000011100000
000001000000
000000000000
000000000000
000000000000
000000000000
000000000000
000000000000
000000000000
000000000000
000000000000
000000000000
000000000000
000000000000
000000000000
000000000000
000000000000
000000000000
111111111111
Key.Left
Key.Up
Key.Left
Key.Up
000000000000
000000000000
000100000000
001110000000
000000000000
000000000000
000000000000
000000000000
000000000000
000000000000
000000000000
000000000000
000000000000
000000000000
000000000000
000000000000
000000000000
000000000000
000000000000
111111111111
Key.Left
Key.Left
Key.Down
011000000000
110000000000
000000000000
000000000000
000000000000
000000000000
000000000000
000000000000
000000000000
000000000000
000000000000
000000000000
000000000000
000000000000
000000000000
000000000000
000000000000
010000000000
111000000000
111111111111
000000000000
011000000000
110000000000
000000000000
000000000000
000000000000
000000000000
000000000000
000000000000
000000000000
000000000000
000000000000
000000000000
000000000000
000000000000
000000000000
000000000000
010000000000
111000000000
111111111111
Key.Right
000000000000
000000000000
001100000000
011000000000
000000000000
000000000000
000000000000
000000000000
000000000000
000000000000
000000000000
000000000000
000000000000
000000000000
000000000000
000000000000
000000000000
010000000000
111000000000
111111111111
Key.Up
000000000000
000000000000
000000000000
010000000000
011000000000
001000000000
000000000000
000000000000
000000000000
000000000000
000000000000
000000000000
000000000000
000000000000
000000000000
000000000000
000000000000
010000000000
111000000000
111111111111
Key.Down
000011000000
000011000000
000000000000
000000000000
000000000000
000000000000
000000000000
000000000000
000000000000
000000000000
000000000000
000000000000
000000000000
000000000000
000000000000
010000000000
011000000000
011000000000
111000000000
111111111111
Key.Right
000000000000
000001100000
000001100000
000000000000
000000000000
000000000000
000000000000
000000000000
000000000000
000000000000
000000000000
000000000000
000000000000
000000000000
000000000000
010000000000
011000000000
011000000000
111000000000
111111111111
Key.Left
Key.Left
Key.Down
000011100000
000001000000
000000000000
000000000000
000000000000
000000000000
000000000000
000000000000
000000000000
000000000000
000000000000
000000000000
000000000000
000000000000
000000000000
010000000000
011000000000
011110000000
111110000000
111111111111
000000000000
000011100000
000001000000
000000000000
000000000000
000000000000
000000000000
000000000000
000000000000
000000000000
000000000000
000000000000
000000000000
000000000000
000000000000
010000000000
011000000000
011110000000
111110000000
111111111111
Key.Right
Key.Up
000000000000
000000000000
000000100000
000001100000
000000100000
000000000000
000000000000
000000000000
000000000000
000000000000
000000000000
000000000000
000000000000
000000000000
000000000000
010000000000
011000000000
011110000000
111110000000
111111111111
Key.Up
Key.Down
000010000000
000011100000
000000000000
000000000000
000000000000
000000000000
000000000000
000000000000
000000000000
000000000000
000000000000
000000000000
000000000000
000000000000
000000000000
010000000000
011000000000
011110100000
111111110000
111111111111
000000000000
000010000000
000011100000
000000000000
000000000000
000000000000
000000000000
000000000000
000000000000
000000000000
000000000000
000000000000
000000000000
000000000000
000000000000
010000000000
011000000000
011110100000
111111110000
111111111111
Key.Right
Key.Right
Key.Right
Key.Right
000000000000
000000000000
000000001000
000000001110
000000000000
000000000000
000000000000
000000000000
000000000000
000000000000
000000000000
000000000000
000000000000
000000000000
000000000000
010000000000
011000000000
011110100000
111111110000
111111111111
Key.Down
000011000000
000001100000
000000000000
000000000000
000000000000
000000000000
000000000000
000000000000
000000000000
000000000000
000000000000
000000000000
000000000000
000000000000
000000000000
010000000000
011000000000
011110101000
111111111110
111111111111
000000000000
000011000000
000001100000
000000000000
000000000000
000000000000
000000000000
000000000000
000000000000
000000000000
000000000000
000000000000
000000000000
000000000000
000000000000
010000000000
011000000000
011110101000
111111111110
111111111111
Key.Up
000000000000
000000000000
000001000000
000011000000
000010000000
000000000000
000000000000
000000000000
000000000000
000000000000
000000000000
000000000000
000000000000
000000000000
000000000000
010000000000
011000000000
011110101000
111111111110
111111111111
Key.Right
Key.Down
000010000000
000011100000
000000000000
000000000000
000000000000
000000000000
000000000000
000000000000
000000000000
000000000000
000000000000
000000000000
000000000000
000000000000
000000000000
010000100000
011001100000
011111101000
111111111110
111111111111
000000000000
000010000000
000011100000
000000000000
000000000000
000000000000
000000000000
000000000000
000000000000
000000000000
000000000000
000000000000
000000000000
000000000000
000000000000
010000100000
011001100000
011111101000
111111111110
111111111111
Key.Up
000000000000
000000000000
000011000000
000010000000
000010000000
000000000000
000000000000
000000000000
000000000000
000000000000
000000000000
000000000000
000000000000
000000000000
000000000000
010000100000
011001100000
011111101000
111111111110
111111111111
Key.Right
000000000000
000000000000
000000000000
000001100000
000001000000
000001000000
000000000000
000000000000
000000000000
000000000000
000000000000
000000000000
000000000000
000000000000
000000000000
010000100000
011001100000
011111101000
111111111110
111111111111
Key.Right
Key.Up
Key.Up
000000000000
000000000000
000000000000
000000000000
000000010000
000000010000
000000110000
000000000000
000000000000
000000000000
000000000000
000000000000
000000000000
000000000000
000000000000
010000100000
011001100000
011111101000
111111111110
111111111111
Key.Right
Key.Right
Key.Right
000000000000
000000000000
000000000000
000000000000
000000000000
000000000010
000000000010
000000000110
000000000000
000000000000
000000000000
000000000000
000000000000
000000000000
000000000000
010000100000
011001100000
011111101000
111111111110
111111111111
Key.Down
000011100000
000001000000
000000000000
000000000000
000000000000
000000000000
000000000000
000000000000
000000000000
000000000000
000000000000
000000000000
000000000000
000000000000
000000000000
010000100010
011001100010
011111101110
111111111110
111111111111
Key.Up
000000000000
000001000000
000011000000
000001000000
000000000000
000000000000
000000000000
000000000000
000000000000
000000000000
000000000000
000000000000
000000000000
000000000000
000000000000
010000100010
011001100010
011111101110
111111111110
111111111111
Key.Up
Key.Up
000000000000
000000000000
000010000000
000011000000
000010000000
000000000000
000000000000
000000000000
000000000000
000000000000
000000000000
000000000000
000000000000
000000000000
000000000000
010000100010
011001100010
011111101110
111111111110
111111111111
Key.Right
Key.Right
Key.Right
000000000000
000000000000
000000000000
000000010000
000000011000
000000010000
000000000000
000000000000
000000000000
000000000000
000000000000
000000000000
000000000000
000000000000
000000000000
010000100010
011001100010
011111101110
111111111110
111111111111
Key.Down
000011100000
000001000000
000000000000
000000000000
000000000000
000000000000
000000000000
000000000000
000000000000
000000000000
000000000000
000000000000
000000000000
000000000000
000000000000
010000110010
011001111010
011111111110
111111111110
111111111111
000000000000
000011100000
000001000000
000000000000
000000000000
000000000000
000000000000
000000000000
000000000000
000000000000
000000000000
000000000000
000000000000
000000000000
000000000000
010000110010
011001111010
011111111110
111111111110
111111111111
Key.Left
Key.Up
000000000000
000000000000
000010000000
000110000000
000010000000
000000000000
000000000000
000000000000
000000000000
000000000000
000000000000
000000000000
000000000000
000000000000
000000000000
010000110010
011001111010
011111111110
111111111110
111111111111
Key.Right
Key.Right
Key.Right
000000000000
000000000000
000000000000
000000010000
000000110000
000000010000
000000000000
000000000000
000000000000
000000000000
000000000000
000000000000
000000000000
000000000000
000000000000
010000110010
011001111010
011111111110
111111111110
111111111111
Key.Right
Key.Right
Key.Down
000010000000
000011100000
000000000000
000000000000
000000000000
000000000000
000000000000
000000000000
000000000000
000000000000
000000000000
000000000000
000000000000
000000000000
000000000100
010000111110
011001111110
011111111110
111111111110
111111111111
000000000000
000010000000
000011100000
000000000000
000000000000
000000000000
000000000000
000000000000
000000000000
000000000000
000000000000
000000000000
000000000000
000000000000
000000000100
010000111110
011001111110
011111111110
111111111110
111111111111
Key.Up
Key.Up
000000000000
000000000000
000011100000
000000100000
000000000000
000000000000
000000000000
000000000000
000000000000
000000000000
000000000000
000000000000
000000000000
000000000000
000000000100
010000111110
011001111110
011111111110
111111111110
111111111111
Key.Up
Key.Left
000000000000
000000000000
000000000000
000010000000
000010000000
000110000000
000000000000
000000000000
000000000000
000000000000
000000000000
000000000000
000000000000
000000000000
000000000100
010000111110
011001111110
011111111110
111111111110
111111111111
Key.Down
000011100000
000001000000
000000000000
000000000000
000000000000
000000000000
000000000000
000000000000
000000000000
000000000000
000000000000
000000000000
000000000000
000000000000
000010000100
010010111110
011111111110
011111111110
111111111110
111111111111
000000000000
000011100000
000001000000
000000000000
000000000000
000000000000
000000000000
000000000000
000000000000
000000000000
000000000000
000000000000
000000000000
000000000000
000010000100
010010111110
011111111110
011111111110
111111111110
111111111111
Key.Left
Key.Up
000000000000
000000000000
000010000000
000110000000
000010000000
000000000000
000000000000
000000000000
000000000000
000000000000
000000000000
000000000000
000000000000
000000000000
000010000100
010010111110
011111111110
011111111110
111111111110
111111111111
Key.Up
Key.Up
Key.Right
000000000000
000000000000
000000000000
000010000000
000011000000
000010000000
000000000000
000000000000
000000000000
000000000000
000000000000
000000000000
000000000000
000000000000
000010000100
010010111110
011111111110
011111111110
111111111110
111111111111
Key.Right
Key.Down
000011000000
000001100000
000000000000
000000000000
000000000000
000000000000
000000000000
000000000000
000000000000
000000000000
000000000000
000000000000
000000000000
000001000000
000011100100
010011111110
011111111110
011111111110
111111111110
111111111111
000000000000
000011000000
000001100000
000000000000
000000000000
000000000000
000000000000
000000000000
000000000000
000000000000
000000000000
000000000000
000000000000
000001000000
000011100100
010011111110
011111111110
011111111110
111111111110
111111111111
Key.Left
Key.Left
Key.Left
000000000000
000000000000
011000000000
001100000000
000000000000
000000000000
000000000000
000000000000
000000000000
000000000000
000000000000
000000000000
000000000000
000001000000
000011100100
010011111110
011111111110
011111111110
111111111110
111111111111
Key.Down
000010000000
000011100000
000000000000
000000000000
000000000000
000000000000
000000000000
000000000000
000000000000
000000000000
000000000000
000000000000
000000000000
000001000000
011011100100
011111111110
011111111110
011111111110
111111111110
111111111111
000000000000
000010000000
000011100000
000000000000
000000000000
000000000000
000000000000
000000000000
000000000000
000000000000
000000000000
000000000000
000000000000
000001000000
011011100100
011111111110
011111111110
011111111110
111111111110
111111111111
Key.Up
Key.Up
Key.Up
000000000000
000000000000
000001000000
000001000000
000011000000
000000000000
000000000000
000000000000
000000000000
000000000000
000000000000
000000000000
000000000000
000001000000
011011100100
011111111110
011111111110
011111111110
111111111110
111111111111
Key.Left
Key.Left
Key.Up
Key.Up
000000000000
000000000000
000000000000
001100000000
001000000000
001000000000
000000000000
000000000000
000000000000
000000000000
000000000000
000000000000
000000000000
000001000000
011011100100
011111111110
011111111110
011111111110
111111111110
111111111111
Key.Up
Key.Down
000010000000
000011100000
000000000000
000000000000
000000000000
000000000000
000000000000
000000000000
000000000000
000000000000
000000000000
000000000000
001110000000
000011000000
011011100100
011111111110
011111111110
011111111110
111111111110
111111111111
000000000000
000010000000
000011100000
000000000000
000000000000
000000000000
000000000000
000000000000
000000000000
000000000000
000000000000
000000000000
001110000000
000011000000
011011100100
011111111110
011111111110
011111111110
111111111110
111111111111
Key.Right
000000000000
000000000000
000001000000
000001110000
000000000000
000000000000
000000000000
000000000000
000000000000
000000000000
000000000000
000000000000
001110000000
000011000000
011011100100
011111111110
011111111110
011111111110
111111111110
111111111111
Key.Right
Key.Up
Key.Up
000000000000
000000000000
000000000000
000000111000
000000001000
000000000000
000000000000
000000000000
000000000000
000000000000
000000000000
000000000000
001110000000
000011000000
011011100100
011111111110
011111111110
011111111110
111111111110
111111111111
Key.Up
Key.Right
000000000000
000000000000
000000000000
000000000000
000000001000
000000001000
000000011000
000000000000
000000000000
000000000000
000000000000
000000000000
001110000000
000011000000
011011100100
011111111110
011111111110
011111111110
111111111110
111111111111
Key.Down
000010000000
000011100000
000000000000
000000000000
000000000000
000000000000
000000000000
000000000000
000000000000
000000000000
000000000000
000000000000
001110001000
000011001000
011011111100
011111111110
011111111110
011111111110
111111111110
111111111111
000000000000
000010000000
000011100000
000000000000
000000000000
000000000000
000000000000
000000000000
000000000000
000000000000
000000000000
000000000000
001110001000
000011001000
011011111100
011111111110
011111111110
011111111110
111111111110
111111111111
Key.Up
Key.Up
Key.Up
000000000000
000000000000
000001000000
000001000000
000011000000
000000000000
000000000000
000000000000
000000000000
000000000000
000000000000
000000000000
001110001000
000011001000
011011111100
011111111110
011111111110
011111111110
111111111110
111111111111
Key.Right
Key.Right
Key.Down
000011000000
000011000000
000000000000
000000000000
000000000000
000000000000
000000000000
000000000000
000000000000
000000000000
000000000000
000000010000
001110011000
000011111000
011011111100
011111111110
011111111110
011111111110
111111111110
111111111111
000000000000
000011000000
000011000000
000000000000
000000000000
000000000000
000000000000
000000000000
000000000000
000000000000
000000000000
000000010000
001110011000
000011111000
011011111100
011111111110
011111111110
011111111110
111111111110
111111111111
Key.Left
000000000000
000000000000
000110000000
000110000000
000000000000
000000000000
000000000000
000000000000
000000000000
000000000000
000000000000
000000010000
001110011000
000011111000
011011111100
011111111110
011111111110
011111111110
111111111110
111111111111
Key.Right
Key.Right
Key.Right
Key.Right
000000000000
000000000000
000000000000
000000011000
000000011000
000000000000
000000000000
000000000000
000000000000
000000000000
000000000000
000000010000
001110011000
000011111000
011011111100
011111111110
011111111110
011111111110
111111111110
111111111111
Key.Right
Key.Right
000000000000
000000000000
000000000000
000000000000
000000000110
000000000110
000000000000
000000000000
000000000000
000000000000
000000000000
000000010000
001110011000
000011111000
011011111100
011111111110
011111111110
011111111110
111111111110
111111111111
Key.Left
000000000000
000000000000
000000000000
000000000000
000000000000
000000001100
000000001100
000000000000
000000000000
000000000000
000000000000
000000010000
001110011000
000011111000
011011111100
011111111110
011111111110
011111111110
111111111110
111111111111
Key.Left
Key.Left
Key.Left
Key.Down
000011100000
000001000000
000000000000
000000000000
000000000000
000000000000
000000000000
000000000000
000000000000
000000000000
000000000000
000001110000
001111111000
000011111000
011011111100
011111111110
011111111110
011111111110
111111111110
111111111111
000000000000
000011100000
000001000000
000000000000
000000000000
000000000000
000000000000
000000000000
000000000000
000000000000
000000000000
000001110000
001111111000
000011111000
011011111100
011111111110
011111111110
011111111110
111111111110
111111111111
Key.Up
Key.Right
000000000000
000000000000
000000100000
000001100000
000000100000
000000000000
000000000000
000000000000
000000000000
000000000000
000000000000
000001110000
001111111000
000011111000
011011111100
011111111110
011111111110
011111111110
111111111110
111111111111
Key.Right
Key.Right
Key.Right
000000000000
000000000000
000000000000
000000000100
000000001100
000000000100
000000000000
000000000000
000000000000
000000000000
000000000000
000001110000
001111111000
000011111000
011011111100
011111111110
011111111110
011111111110
111111111110
111111111111
Key.Right
Key.Down
000011110000
000000000000
000000000000
000000000000
000000000000
000000000000
000000000000
000000000000
000000000000
000000000000
000000000000
000001110000
001111111010
000011111110
011011111110
011111111110
011111111110
011111111110
111111111110
111111111111
000000000000
000011110000
000000000000
000000000000
000000000000
000000000000
000000000000
000000000000
000000000000
000000000000
000000000000
000001110000
001111111010
000011111110
011011111110
011111111110
011111111110
011111111110
111111111110
111111111111
Key.Up
Key.Left
000000000000
000000000000
000100000000
000100000000
000100000000
000100000000
000000000000
000000000000
000000000000
000000000000
000000000000
000001110000
001111111010
000011111110
011011111110
011111111110
011111111110
011111111110
111111111110
111111111111
Key.Left
Key.Left
Key.Left
Key.Down
000011000000
000001100000
000000000000
000000000000
000000000000
000000000000
000000000000
000000000000
000000000000
000000000000
000000000000
000001110000
001111111010
000011111110
111011111110
111111111110
111111111110
111111111110
111111111110
111111111111
000000000000
000011000000
000001100000
000000000000
000000000000
000000000000
000000000000
000000000000
000000000000
000000000000
000000000000
000001110000
001111111010
000011111110
111011111110
111111111110
111111111110
111111111110
111111111110
111111111111
Key.Right
000000000000
000000000000
000001100000
000000110000
000000000000
000000000000
000000000000
000000000000
000000000000
000000000000
000000000000
000001110000
001111111010
000011111110
111011111110
111111111110
111111111110
111111111110
111111111110
111111111111
Key.Left
Key.Left
Key.Left
000000000000
000000000000
000000000000
001100000000
000110000000
000000000000
000000000000
000000000000
000000000000
000000000000
000000000000
000001110000
001111111010
000011111110
111011111110
111111111110
111111111110
111111111110
111111111110
111111111111
Key.Up
Key.Left
Key.Left
000000000000
000000000000
000000000000
000000000000
010000000000
110000000000
100000000000
000000000000
000000000000
000000000000
000000000000
000001110000
001111111010
000011111110
111011111110
111111111110
111111111110
111111111110
111111111110
111111111111
Key.Down
000011000000
000001100000
000000000000
000000000000
000000000000
000000000000
000000000000
000000000000
000000000000
000000000000
000000000000
010001110000
111111111010
100011111110
111011111110
111111111110
111111111110
111111111110
111111111110
111111111111
Key.Left
000000000000
000110000000
000011000000
000000000000
000000000000
000000000000
000000000000
000000000000
000000000000
000000000000
000000000000
010001110000
111111111010
100011111110
111011111110
111111111110
111111111110
111111111110
111111111110
111111111111
Key.Right
Key.Up
000000000000
000000000000
000001000000
000011000000
000010000000
000000000000
000000000000
000000000000
000000000000
000000000000
000000000000
010001110000
111111111010
100011111110
111011111110
111111111110
111111111110
111111111110
111111111110
111111111111
Key.Left
Key.Left
000000000000
000000000000
000000000000
000100000000
001100000000
001000000000
000000000000
000000000000
000000000000
000000000000
000000000000
010001110000
111111111010
100011111110
111011111110
111111111110
111111111110
111111111110
111111111110
111111111111
Key.Left
Key.Left
Key.Down
000011100000
000001000000
000000000000
000000000000
000000000000
000000000000
000000000000
000000000000
000000000000
010000000000
110000000000
110001110000
111111111010
100011111110
111011111110
111111111110
111111111110
111111111110
111111111110
111111111111
000000000000
000011100000
000001000000
000000000000
000000000000
000000000000
000000000000
000000000000
000000000000
010000000000
110000000000
110001110000
111111111010
100011111110
111011111110
111111111110
111111111110
111111111110
111111111110
111111111111
Key.Up
Key.Up
000000000000
000000000000
000001000000
000011100000
000000000000
000000000000
000000000000
000000000000
000000000000
010000000000
110000000000
110001110000
111111111010
100011111110
111011111110
111111111110
111111111110
111111111110
111111111110
111111111111
Key.Left
Key.Left
Key.Down
000011000000
000001100000
000000000000
000000000000
000000000000
000000000000
000000000000
000000000000
000000000000
010000000000
110100000000
111111110000
111111111010
100011111110
111011111110
111111111110
111111111110
111111111110
111111111110
111111111111
000000000000
000011000000
000001100000
000000000000
000000000000
000000000000
000000000000
000000000000
000000000000
010000000000
110100000000
111111110000
111111111010
100011111110
111011111110
111111111110
111111111110
111111111110
111111111110
111111111111
Key.Up
000000000000
000000000000
000001000000
000011000000
000010000000
000000000000
000000000000
000000000000
000000000000
010000000000
110100000000
111111110000
111111111010
100011111110
111011111110
111111111110
111111111110
111111111110
111111111110
111111111111
Key.Up
Key.Right
Key.Up
000000000000
000000000000
000000000000
000000100000
000001100000
000001000000
000000000000
000000000000
000000000000
010000000000
110100000000
111111110000
111111111010
100011111110
111011111110
111111111110
111111111110
111111111110
111111111110
111111111111
Key.Right
Key.Right
Key.Right
Key.Right
000000000000
000000000000
000000000000
000000000000
000000000010
000000000110
000000000100
000000000000
000000000000
010000000000
110100000000
111111110000
111111111010
100011111110
111011111110
111111111110
111111111110
111111111110
111111111110
111111111111
Key.Down
000011110000
000000000000
000000000000
000000000000
000000000000
000000000000
000000000000
000000000000
000000000000
010000000000
110100000010
111111110110
111111111110
100011111110
111011111110
111111111110
111111111110
111111111110
111111111110
111111111111
Key.Up
Key.Right
000000000000
000001000000
000001000000
000001000000
000001000000
000000000000
000000000000
000000000000
000000000000
010000000000
110100000010
111111110110
111111111110
100011111110
111011111110
111111111110
111111111110
111111111110
111111111110
111111111111
Key.Right
Key.Right
Key.Right
Key.Right
000000000000
000000000000
000000000100
000000000100
000000000100
000000000100
000000000000
000000000000
000000000000
010000000000
110100000010
111111110110
111111111110
100011111110
111011111110
111111111110
111111111110
111111111110
111111111110
111111111111
Key.Right
Key.Right
Key.Down
Clear!000011000000
000001100000
000000000000
000000000000
000000000000
000000000000
000000000000
000000000000
000000000000
000000000000
000000000000
000000000000
000000000000
010000000000
110100000010
111111110110
111111111110
100011111110
111011111110
111111111111
000000000000
000011000000
000001100000
000000000000
000000000000
000000000000
000000000000
000000000000
000000000000
000000000000
000000000000
000000000000
000000000000
010000000000
110100000010
111111110110
111111111110
100011111110
111011111110
111111111111
Key.Up
000000000000
000000000000
000001000000
000011000000
000010000000
000000000000
000000000000
000000000000
000000000000
000000000000
000000000000
000000000000
000000000000
010000000000
110100000010
111111110110
111111111110
100011111110
111011111110
111111111111
Key.Right
Key.Right
000000000000
000000000000
000000000000
000000010000
000000110000
000000100000
000000000000
000000000000
000000000000
000000000000
000000000000
000000000000
000000000000
010000000000
110100000010
111111110110
111111111110
100011111110
111011111110
111111111111
Key.Right
Key.Right
Key.Down
000011000000
000001100000
000000000000
000000000000
000000000000
000000000000
000000000000
000000000000
000000000000
000000000000
000000000000
000000000000
000000000000
010000000100
110100001110
111111111110
111111111110
100011111110
111011111110
111111111111
000000000000
000011000000
000001100000
000000000000
000000000000
000000000000
000000000000
000000000000
000000000000
000000000000
000000000000
000000000000
000000000000
010000000100
110100001110
111111111110
111111111110
100011111110
111011111110
111111111111
Key.Left
000000000000
000000000000
000110000000
000011000000
000000000000
000000000000
000000000000
000000000000
000000000000
000000000000
000000000000
000000000000
000000000000
010000000100
110100001110
111111111110
111111111110
100011111110
111011111110
111111111111
Key.Up
Key.Left
Key.Down
000011000000
000001100000
000000000000
000000000000
000000000000
000000000000
000000000000
000000000000
000000000000
000000000000
000000000000
000000000000
000100000000
011100000100
111100001110
111111111110
111111111110
100011111110
111011111110
111111111111
000000000000
000011000000
000001100000
000000000000
000000000000
000000000000
000000000000
000000000000
000000000000
000000000000
000000000000
000000000000
000100000000
011100000100
111100001110
111111111110
111111111110
100011111110
111011111110
111111111111
Key.Right
Key.Right
000000000000
000000000000
000000110000
000000011000
000000000000
000000000000
000000000000
000000000000
000000000000
000000000000
000000000000
000000000000
000100000000
011100000100
111100001110
111111111110
111111111110
100011111110
111011111110
111111111111
Key.Up
Key.Right
Key.Right
000000000000
000000000000
000000000000
000000000100
000000001100
000000001000
000000000000
000000000000
000000000000
000000000000
000000000000
000000000000
000100000000
011100000100
111100001110
111111111110
111111111110
100011111110
111011111110
111111111111
Key.Left
Key.Down
000011100000
000001000000
000000000000
000000000000
000000000000
000000000000
000000000000
000000000000
000000000000
000000000000
000000000000
000000000000
000100001000
011100011100
111100011110
111111111110
111111111110
100011111110
111011111110
111111111111
000000000000
000011100000
000001000000
000000000000
000000000000
000000000000
000000000000
000000000000
000000000000
000000000000
000000000000
000000000000
000100001000
011100011100
111100011110
111111111110
111111111110
100011111110
111011111110
111111111111
Key.Up
Key.Up
000000000000
000000000000
000001000000
000011100000
000000000000
000000000000
000000000000
000000000000
000000000000
000000000000
000000000000
000000000000
000100001000
011100011100
111100011110
111111111110
111111111110
100011111110
111011111110
111111111111
Key.Right
000000000000
000000000000
000000000000
000000100000
000001110000
000000000000
000000000000
000000000000
000000000000
000000000000
000000000000
000000000000
000100001000
011100011100
111100011110
111111111110
111111111110
100011111110
111011111110
111111111111
Key.Left
Key.Down
000011000000
000011000000
000000000000
000000000000
000000000000
000000000000
000000000000
000000000000
000000000000
000000000000
000000000000
000000000000
000100001000
011101011100
111111111110
111111111110
111111111110
100011111110
111011111110
111111111111
000000000000
000011000000
000011000000
000000000000
000000000000
000000000000
000000000000
000000000000
000000000000
000000000000
000000000000
000000000000
000100001000
011101011100
111111111110
111111111110
111111111110
100011111110
111011111110
111111111111
Key.Right
000000000000
000000000000
000001100000
000001100000
000000000000
000000000000
000000000000
000000000000
000000000000
000000000000
000000000000
000000000000
000100001000
011101011100
111111111110
111111111110
111111111110
100011111110
111011111110
111111111111
Key.Left
Key.Left
Key.Left
Key.Left
000000000000
000000000000
000000000000
011000000000
011000000000
000000000000
000000000000
000000000000
000000000000
000000000000
000000000000
000000000000
000100001000
011101011100
111111111110
111111111110
111111111110
100011111110
111011111110
111111111111
Key.Down
000011100000
000001000000
000000000000
000000000000
000000000000
000000000000
000000000000
000000000000
000000000000
000000000000
000000000000
011000000000
011100001000
011101011100
111111111110
111111111110
111111111110
100011111110
111011111110
111111111111
Key.Up
000000000000
000001000000
000011000000
000001000000
000000000000
000000000000
000000000000
000000000000
000000000000
000000000000
000000000000
011000000000
011100001000
011101011100
111111111110
111111111110
111111111110
100011111110
111011111110
111111111111
Key.Up
Key.Up
000000000000
000000000000
000010000000
000011000000
000010000000
000000000000
000000000000
000000000000
000000000000
000000000000
000000000000
011000000000
011100001000
011101011100
111111111110
111111111110
111111111110
100011111110
111011111110
111111111111
Key.Right
Key.Right
Key.Up
000000000000
000000000000
000000000000
000000111000
000000010000
000000000000
000000000000
000000000000
000000000000
000000000000
000000000000
011000000000
011100001000
011101011100
111111111110
111111111110
111111111110
100011111110
111011111110
111111111111
Key.Left
Key.Down
000011110000
000000000000
000000000000
000000000000
000000000000
000000000000
000000000000
000000000000
000000000000
000000000000
000000000000
011000000000
011101111000
011101111100
111111111110
111111111110
111111111110
100011111110
111011111110
111111111111
000000000000
000011110000
000000000000
000000000000
000000000000
000000000000
000000000000
000000000000
000000000000
000000000000
000000000000
011000000000
011101111000
011101111100
111111111110
111111111110
111111111110
100011111110
111011111110
111111111111
Key.Up
Key.Right
Key.Right
Key.Right
000000000000
000000000000
000000010000
000000010000
000000010000
000000010000
000000000000
000000000000
000000000000
000000000000
000000000000
011000000000
011101111000
011101111100
111111111110
111111111110
111111111110
100011111110
111011111110
111111111111
Key.Right
Key.Right
Key.Right
Key.Right
Key.Right
000000000000
000000000000
000000000000
000000000001
000000000001
000000000001
000000000001
000000000000
000000000000
000000000000
000000000000
011000000000
011101111000
011101111100
111111111110
111111111110
111111111110
100011111110
111011111110
111111111111
Key.Down
Clear!000011000000
000001100000
000000000000
000000000000
000000000000
000000000000
000000000000
000000000000
000000000000
000000000000
000000000000
000000000000
000000000000
011000000000
011101111000
011101111100
111111111110
100011111111
111011111111
111111111111
000000000000
000011000000
000001100000
000000000000
000000000000
000000000000
000000000000
000000000000
000000000000
000000000000
000000000000
000000000000
000000000000
011000000000
011101111000
011101111100
111111111110
100011111111
111011111111
111111111111
Key.Right
Key.Right
000000000000
000000000000
000000110000
000000011000
000000000000
000000000000
000000000000
000000000000
000000000000
000000000000
000000000000
000000000000
000000000000
011000000000
011101111000
011101111100
111111111110
100011111111
111011111111
111111111111
Key.Up
000000000000
000000000000
000000000000
000000010000
000000110000
000000100000
000000000000
000000000000
000000000000
000000000000
000000000000
000000000000
000000000000
011000000000
011101111000
011101111100
111111111110
100011111111
111011111111
111111111111
000000000000
000000000000
000000000000
000000000000
000000010000
000000110000
000000100000
000000000000
000000000000
000000000000
000000000000
000000000000
000000000000
011000000000
011101111000
011101111100
111111111110
100011111111
111011111111
111111111111
Key.Up
Key.Right
000000000000
000000000000
000000000000
000000000000
000000000000
000000011000
000000001100
000000000000
000000000000
000000000000
000000000000
000000000000
000000000000
011000000000
011101111000
011101111100
111111111110
100011111111
111011111111
111111111111
Key.Left
Key.Up
Key.Left
000000000000
000000000000
000000000000
000000000000
000000000000
000000000000
000000100000
000001100000
000001000000
000000000000
000000000000
000000000000
000000000000
011000000000
011101111000
011101111100
111111111110
100011111111
111011111111
111111111111
Key.Up
000000000000
000000000000
000000000000
000000000000
000000000000
000000000000
000000000000
000001100000
000000110000
000000000000
000000000000
000000000000
000000000000
011000000000
011101111000
011101111100
111111111110
100011111111
111011111111
111111111111
Key.Up
Key.Right
Key.Left
000000000000
000000000000
000000000000
000000000000
000000000000
000000000000
000000000000
000000000000
000000100000
000001100000
000001000000
000000000000
000000000000
011000000000
011101111000
011101111100
111111111110
100011111111
111011111111
111111111111
Key.Up
000000000000
000000000000
000000000000
000000000000
000000000000
000000000000
000000000000
000000000000
000000000000
000001100000
000000110000
000000000000
000000000000
011000000000
011101111000
011101111100
111111111110
100011111111
111011111111
111111111111
Key.Up
Key.Left
Key.Down
000011110000
000000000000
000000000000
000000000000
000000000000
000000000000
000000000000
000000000000
000000000000
000000000000
000000000000
000000000000
000001000000
011011000000
011111111000
011101111100
111111111110
100011111111
111011111111
111111111111
000000000000
000011110000
000000000000
000000000000
000000000000
000000000000
000000000000
000000000000
000000000000
000000000000
000000000000
000000000000
000001000000
011011000000
011111111000
011101111100
111111111110
100011111111
111011111111
111111111111
Key.Up
Key.Right
Key.Right
000000000000
000000000000
000000100000
000000100000
000000100000
000000100000
000000000000
000000000000
000000000000
000000000000
000000000000
000000000000
000001000000
011011000000
011111111000
011101111100
111111111110
100011111111
111011111111
111111111111
Key.Right
Key.Right
Key.Right
Key.Right
Key.Right
000000000000
000000000000
000000000000
000000000001
000000000001
000000000001
000000000001
000000000000
000000000000
000000000000
000000000000
000000000000
000001000000
011011000000
011111111000
011101111100
111111111110
100011111111
111011111111
111111111111
Key.Down
Clear!000011110000
000000000000
000000000000
000000000000
000000000000
000000000000
000000000000
000000000000
000000000000
000000000000
000000000000
000000000000
000000000000
000001000000
011011000001
011111111001
011101111101
100011111111
111011111111
111111111111
000000000000
000011110000
000000000000
000000000000
000000000000
000000000000
000000000000
000000000000
000000000000
000000000000
000000000000
000000000000
000000000000
000001000000
011011000001
011111111001
011101111101
100011111111
111011111111
111111111111
Key.Up
Key.Left
000000000000
000000000000
000100000000
000100000000
000100000000
000100000000
000000000000
000000000000
000000000000
000000000000
000000000000
000000000000
000000000000
000001000000
011011000001
011111111001
011101111101
100011111111
111011111111
111111111111
Key.Left
Key.Left
Key.Left
000000000000
000000000000
000000000000
100000000000
100000000000
100000000000
100000000000
000000000000
000000000000
000000000000
000000000000
000000000000
000000000000
000001000000
011011000001
011111111001
011101111101
100011111111
111011111111
111111111111
Key.Down
000011110000
000000000000
000000000000
000000000000
000000000000
000000000000
000000000000
000000000000
000000000000
000000000000
000000000000
000000000000
000000000000
100001000000
111011000001
111111111001
111101111101
100011111111
111011111111
111111111111
Key.Down
000011100000
000001000000
000000000000
000000000000
000000000000
000000000000
000000000000
000000000000
000000000000
000000000000
000000000000
000000000000
000011110000
100001000000
111011000001
111111111001
111101111101
100011111111
111011111111
111111111111
000000000000
000011100000
000001000000
000000000000
000000000000
000000000000
000000000000
000000000000
000000000000
000000000000
000000000000
000000000000
000011110000
100001000000
111011000001
111111111001
111101111101
100011111111
111011111111
111111111111
Key.Up
000000000000
000000000000
000001000000
000011000000
000001000000
000000000000
000000000000
000000000000
000000000000
000000000000
000000000000
000000000000
000011110000
100001000000
111011000001
111111111001
111101111101
100011111111
111011111111
111111111111
Key.Up
Key.Right
Key.Right
Key.Right
000000000000
000000000000
000000000000
000000001000
000000011100
000000000000
000000000000
000000000000
000000000000
000000000000
000000000000
000000000000
000011110000
100001000000
111011000001
111111111001
111101111101
100011111111
111011111111
111111111111
Key.Up
Key.Up
Key.Up
Key.Right
000000000000
000000000000
000000000000
000000000000
000000000100
000000001100
000000000100
000000000000
000000000000
000000000000
000000000000
000000000000
000011110000
100001000000
111011000001
111111111001
111101111101
100011111111
111011111111
111111111111
Key.Right
Key.Down
Clear!000010000000
000011100000
000000000000
000000000000
000000000000
000000000000
000000000000
000000000000
000000000000
000000000000
000000000000
000000000000
000000000000
000011110000
100001000000
111011000011
111101111111
100011111111
111011111111
111111111111
000000000000
000010000000
000011100000
000000000000
000000000000
000000000000
000000000000
000000000000
000000000000
000000000000
000000000000
000000000000
000000000000
000011110000
100001000000
111011000011
111101111111
100011111111
111011111111
111111111111
000000000000
000000000000
000010000000
000011100000
000000000000
000000000000
000000000000
000000000000
000000000000
000000000000
000000000000
000000000000
000000000000
000011110000
100001000000
111011000011
111101111111
100011111111
111011111111
111111111111
Key.Left
Key.Up
Key.Up
000000000000
000000000000
000000000000
000111000000
000001000000
000000000000
000000000000
000000000000
000000000000
000000000000
000000000000
000000000000
000000000000
000011110000
100001000000
111011000011
111101111111
100011111111
111011111111
111111111111
Key.Left
Key.Left
000000000000
000000000000
000000000000
000000000000
011100000000
000100000000
000000000000
000000000000
000000000000
000000000000
000000000000
000000000000
000000000000
000011110000
100001000000
111011000011
111101111111
100011111111
111011111111
111111111111
Key.Down
000011100000
000001000000
000000000000
000000000000
000000000000
000000000000
000000000000
000000000000
000000000000
000000000000
000000000000
000000000000
000000000000
000011110000
111101000000
111111000011
111101111111
100011111111
111011111111
111111111111
Key.Right
000000000000
000001110000
000000100000
000000000000
000000000000
000000000000
000000000000
000000000000
000000000000
000000000000
000000000000
000000000000
000000000000
000011110000
111101000000
111111000011
111101111111
100011111111
111011111111
111111111111
Key.Right
Key.Up
Key.Up
000000000000
000000000000
000000010000
000000111000
000000000000
000000000000
000000000000
000000000000
000000000000
000000000000
000000000000
000000000000
000000000000
000011110000
111101000000
111111000011
111101111111
100011111111
111011111111
111111111111
Key.Left
Key.Left
000000000000
000000000000
000000000000
000001000000
000011100000
000000000000
000000000000
000000000000
000000000000
000000000000
000000000000
000000000000
000000000000
000011110000
111101000000
111111000011
111101111111
100011111111
111011111111
111111111111
Key.Left
Key.Left
Key.Left
Key.Left
000000000000
000000000000
000000000000
000000000000
010000000000
111000000000
000000000000
000000000000
000000000000
000000000000
000000000000
000000000000
000000000000
000011110000
111101000000
111111000011
111101111111
100011111111
111011111111
111111111111
Key.Down
000010000000
000011100000
000000000000
000000000000
000000000000
000000000000
000000000000
000000000000
000000000000
000000000000
000000000000
000000000000
010000000000
111011110000
111101000000
111111000011
111101111111
100011111111
111011111111
111111111111
Key.Right
Key.Right
000000000000
000000100000
000000111000
000000000000
000000000000
000000000000
000000000000
000000000000
000000000000
000000000000
000000000000
000000000000
010000000000
111011110000
111101000000
111111000011
111101111111
100011111111
111011111111
111111111111
Key.Up
Key.Up
Key.Up
000000000000
000000000000
000000010000
000000010000
000000110000
000000000000
000000000000
000000000000
000000000000
000000000000
000000000000
000000000000
010000000000
111011110000
111101000000
111111000011
111101111111
100011111111
111011111111
111111111111
Key.Up
Key.Up
Key.Up
000000000000
000000000000
000000000000
000000111000
000000001000
000000000000
000000000000
000000000000
000000000000
000000000000
000000000000
000000000000
010000000000
111011110000
111101000000
111111000011
111101111111
100011111111
111011111111
111111111111
Key.Up
Key.Right
000000000000
000000000000
000000000000
000000000000
000000001000
000000001000
000000011000
000000000000
000000000000
000000000000
000000000000
000000000000
010000000000
111011110000
111101000000
111111000011
111101111111
100011111111
111011111111
111111111111
Key.Right
Key.Down
000011000000
000001100000
000000000000
000000000000
000000000000
000000000000
000000000000
000000000000
000000000000
000000000000
000000000000
000000000000
010000000000
111011110100
111101000100
111111001111
111101111111
100011111111
111011111111
111111111111
000000000000
000011000000
000001100000
000000000000
000000000000
000000000000
000000000000
000000000000
000000000000
000000000000
000000000000
000000000000
010000000000
111011110100
111101000100
111111001111
111101111111
100011111111
111011111111
111111111111
Key.Up
000000000000
000000000000
000001000000
000011000000
000010000000
000000000000
000000000000
000000000000
000000000000
000000000000
000000000000
000000000000
010000000000
111011110100
111101000100
111111001111
111101111111
100011111111
111011111111
111111111111
Key.Left
Key.Down
000011100000
000001000000
000000000000
000000000000
000000000000
000000000000
000000000000
000000000000
000000000000
000000000000
000000000000
000010000000
010110000000
111111110100
111101000100
111111001111
111101111111
100011111111
111011111111
111111111111
000000000000
000011100000
000001000000
000000000000
000000000000
000000000000
000000000000
000000000000
000000000000
000000000000
000000000000
000010000000
010110000000
111111110100
111101000100
111111001111
111101111111
100011111111
111011111111
111111111111
000000000000
000000000000
000011100000
000001000000
000000000000
000000000000
000000000000
000000000000
000000000000
000000000000
000000000000
000010000000
010110000000
111111110100
111101000100
111111001111
111101111111
100011111111
111011111111
111111111111
000000000000
000000000000
000000000000
000011100000
000001000000
000000000000
000000000000
000000000000
000000000000
000000000000
000000000000
000010000000
010110000000
111111110100
111101000100
111111001111
111101111111
100011111111
111011111111
111111111111
